test
length 3
width 10
1 1 1 1 1 1 1 1 1 1
1 1 1 1 1 1 1 1 1 1
1 1 1 1 1 1 1 1 1 1
<

test2
length 7
width 3
1 1 1
1 1 1
1 1 1
<

mainMap
length 40
width 20
85 69 69 1 1 1 1 1 1 1 1 37 38 38 38 38 38 38 38 38
69 85 85 1 1 1 1 1 1 1 1 37 38 38 38 21 22 22 22 23
85 69 69 1 1 1 1 1 1 1 1 37 38 38 38 37 38 38 38 39
0 85 85 1 1 1 1 1 1 1 1 37 38 38 38 37 38 38 38 39
0 0 0 1 1 1 1 1 1 1 1 37 38 38 38 53 7 7 7 55
0 0 0 0 1 1 1 1 1 1 1 37 38 38 38 38 38 38 38 38
0 0 0 0 1 1 1 1 1 1 1 53 7 7 37 38 38 38 38 38
87 87 87 0 0 1 1 1 1 1 1 1 1 37 37 38 38 38 38 38
87 87 87 0 65 66 66 66 67 1 1 1 1 37 37 38 38 38 38 38
0 87 87 0 81 82 82 82 68 67 1 1 1 37 37 38 38 39 7 7
1 87 87 0 81 82 82 82 82 83 1 1 1 37 37 38 38 39 38 38
1 87 87 0 81 82 82 86 82 83 1 1 1 37 53 7 7 55 38 39
1 87 87 87 87 87 82 82 82 68 67 1 1 37 38 38 38 38 38 39
1 87 87 87 87 87 82 82 82 82 83 1 1 7 37 38 38 38 38 39
1 87 87 0 104 104 82 82 82 82 83 1 1 1 53 7 7 7 7 55
1 87 87 0 81 82 82 82 86 82 83 1 1 1 1 1 1 1 1 1
1 87 87 0 81 82 82 82 82 82 83 1 1 1 1 1 1 1 1 1
1 87 87 0 81 82 82 82 82 82 83 1 1 1 1 1 1 1 1 1
67 87 87 65 84 82 86 82 82 82 83 1 1 1 1 1 1 1 1 1
83 87 87 81 82 82 82 82 82 82 83 1 70 70 70 70 70 70 70 1
83 87 87 81 82 82 82 82 82 82 83 1 96 0 0 0 0 0 96 1
83 87 87 81 82 82 82 82 82 82 83 1 96 0 0 0 3 0 96 1
83 87 87 81 82 82 82 82 82 83 1 1 96 0 3 0 0 0 96 1
83 87 87 81 82 82 82 82 82 83 1 1 96 0 0 3 0 0 96 1
0 87 87 0 0 0 0 0 0 0 69 69 69 69 0 0 0 0 69 69
0 49 49 0 0 0 0 71 0 0 85 85 85 85 8 9 10 11 85 85
0 49 49 0 3 3 0 71 0 0 0 0 0 0 24 25 26 27 0 0
0 71 71 0 3 3 0 0 0 49 49 49 49 49 2 49 2 49 49 49
0 0 0 3 3 3 3 0 0 5 49 49 5 49 49 49 49 5 49 49
0 3 3 3 16 17 3 3 3 49 49 70 70 70 70 70 70 70 70 70
0 3 3 3 32 33 3 3 3 49 49 96 0 3 3 3 0 0 0 0
0 0 0 3 3 3 3 0 0 49 49 96 0 3 3 3 0 0 103 0
0 0 18 19 20 3 0 71 0 49 5 96 1 0 0 0 0 71 0 0
0 0 34 35 36 0 0 0 0 5 49 96 1 0 71 0 0 103 0 0
4 4 50 51 52 4 4 4 4 5 49 96 0 0 0 0 0 0 0 0
49 49 49 49 49 49 49 49 49 49 49 96 0 21 22 22 22 22 22 22
49 49 49 49 49 49 49 49 49 49 5 96 0 37 21 22 22 22 22 22
1 1 0 0 0 0 0 0 0 49 49 96 21 22 37 38 38 38 38 38
1 1 1 1 1 1 1 0 0 49 49 96 37 21 22 38 21 22 22 22
1 1 1 1 1 1 1 1 2 64 64 2 37 37 38 38 37 38 38 38
<